Cpptraj Generated trajectory                                                    
  36.128  38.578  26.398  36.963  38.165  26.009  35.401  38.515  25.702  35.844
  38.038  27.202  36.382  39.999  26.761  35.455  40.448  27.127  37.480  40.150
  27.845  38.412  39.749  27.441  37.650  41.213  28.028  37.238  39.461  29.205
  36.951  38.421  29.048  38.192  39.457  29.735  36.204  40.150  30.115  36.489
  41.194  30.261  35.212  40.105  29.661  36.190  39.430  31.474  35.888  38.390
  31.319  37.208  39.422  31.876  35.280  40.073  32.453  34.315  40.080  32.127
  35.285  39.570  33.326  35.557  41.029  32.668  36.814  40.775  25.514  37.644
  40.281  24.745  36.294  41.987  25.314  35.557  42.305  25.939  36.700  42.924
  24.258  37.708  42.674  23.922  35.746  42.766  23.063  34.729  43.025  23.359
  36.056  43.421  22.248  35.765  41.736  22.706  36.742  44.379  24.775  36.234
  44.682  25.860  37.357  45.281  24.004  37.733  44.977  23.117  37.501  46.702
  24.334  36.686  46.998  24.997  38.827  46.900  25.086  39.665  46.617  24.447
  38.938  47.945  25.377  38.839  46.284  25.987  37.426  47.605  23.085  37.716
  47.173  21.965  37.061  48.871  23.295  36.864  49.151  24.245  37.017  49.943
  22.298  37.747  49.741  21.511  35.613  49.977  21.674  34.868  50.193  22.442
  35.565  50.748  20.905  35.388  49.013  21.216  37.382  51.295  22.948  37.387
  51.407  24.177  37.670  52.319  22.135  37.627  52.161  21.138  38.010  53.678
  22.583  37.791  53.752  23.645  39.519  53.923  22.393  40.074  53.107  22.857
  39.742  53.919  21.325  40.002  55.251  23.007  39.474  56.088  22.552  39.780
  55.251  24.074  41.498  55.490  22.807  42.083  55.170  21.781  42.179  56.092
  23.756  43.174  56.188  23.623  41.752  56.278  24.659  37.166  54.739  21.859
  36.942  54.629  20.650  36.730  55.778  22.581  36.963  55.801  23.571  35.934
  56.899  22.041  36.050  56.932  20.957  34.436  56.690  22.339  34.308  56.458
  23.398  33.539  57.879  21.994  33.725  58.206  20.971  32.491  57.596  22.099
  33.735  58.700  22.685  33.956  55.611  21.565  32.991  55.653  21.585  36.413
  58.245  22.589  36.634  58.382  23.792  36.542  59.253  21.721  36.350  59.066
  20.747  36.793  60.652  22.103  37.485  60.671  22.944  37.463  61.394  20.941
  38.420  60.919  20.721  36.827  61.329  20.056  37.678  62.757  21.257  38.172
  63.158  20.526  35.498  61.353  22.538  34.462  61.219  21.873  35.553  62.093
  23.655  36.446  62.140  24.140  34.414  62.784  24.297  33.496  62.313  23.958
  34.461  62.605  25.827  35.338  63.111  26.233  33.208  63.184  26.488  32.314
  62.694  26.100  33.268  63.024  27.563  33.141  64.255  26.302  34.525  61.119
  26.216  35.454  60.676  25.857  34.505  61.022  27.301  33.681  60.579  25.789
  34.321  64.246  23.855  33.370  64.571  23.113  35.195  65.061  24.221
