Cpptraj Generated trajectory                                                    
  60.920  65.278  42.769  60.917  64.299  42.526  61.879  65.593  42.782  60.425
  65.790  42.054  60.298  65.477  44.103  60.881  64.894  44.820  60.344  66.943
  44.588  59.800  67.577  43.885  59.820  67.006  45.544  61.741  67.512  44.789
  62.273  68.449  43.879  61.692  68.774  43.025  63.560  68.980  44.081  63.964
  69.701  43.381  64.321  68.581  45.194  65.311  68.992  45.349  63.792  67.653
  46.108  64.375  67.351  46.969  62.505  67.121  45.908  62.103  66.416  46.624
  58.879  64.893  44.172  58.710  63.798  44.711  57.847  65.577  43.645  58.031
  66.449  43.167  56.432  65.276  43.958  56.313  65.310  45.043  55.514  66.357
  43.345  55.619  66.324  42.259  54.480  66.098  43.579  55.761  67.804  43.819
  56.779  68.100  43.565  54.797  68.749  43.102  53.766  68.494  43.351  54.996
  69.778  43.405  54.937  68.670  42.024  55.561  67.974  45.326  56.309  67.401
  45.872  55.675  69.024  45.595  54.565  67.637  45.612  55.949  63.872  43.538
  55.052  63.326  44.180  56.560  63.255  42.520  57.267  63.765  42.012  56.244
  61.888  42.074  55.192  61.839  41.793  56.841  61.665  41.190  56.515  60.783
  43.110  56.013  59.667  42.956  57.264  61.075  44.179  57.663  62.004  44.246
  57.491  60.158  45.309  57.526  59.135  44.930  58.853  60.453  45.964  58.853
  61.473  46.350  58.987  59.766  46.801  60.032  60.266  44.992  59.935  59.284
  44.519  59.975  61.022  44.206  61.410  60.358  45.674  61.542  60.947  46.773
  62.402  59.848  45.100  56.366  60.190  46.364  56.316  59.316  47.230  55.450
  61.164  46.301  55.507  61.830  45.538  54.263  61.247  47.167  54.481  60.747
  48.113  53.921  62.712  47.498  53.624  63.233  46.587  53.072  62.708  48.184
  55.088  63.468  48.159  55.497  62.841  48.955  55.875  63.630  47.418  54.678
  64.826  48.759  53.604  65.378  48.422  55.442  65.370  49.593  53.056  60.531
  46.535  52.868  60.568  45.316  52.224  59.875  47.351  52.404  59.896  48.344
  51.134  59.014  46.862  51.566  58.314  46.149  50.513  58.179  48.000  50.063
  58.862  48.724  49.708  57.576  47.575  51.470  57.233  48.744  52.636  57.050
  48.331  51.042  56.642  49.763  50.030  59.802  46.130  49.549  60.825  46.629
  49.583  59.302  44.973  50.030  58.467  44.606  48.450  59.875  44.225  48.585
  60.954  44.214  48.452  59.413  42.745  48.331  58.328  42.723  47.270  60.049
  41.985  47.361  61.136  41.988  47.247  59.705  40.953  46.320  59.763  42.434
  49.789  59.771  42.050  49.920  60.854  42.052  50.615  59.332  42.610  49.915
  59.260  40.609  49.233  59.795  39.950  50.932  59.428  40.257  49.696  58.193
  40.576  47.126  59.529  44.949  46.945  58.361  45.316  46.190  60.482  45.160
  46.331  61.913  44.911  46.115  62.126  43.863  47.323  62.280  45.177  45.294
  62.596  45.801  44.960  63.544  45.379  45.706  62.741  46.801  44.169  61.566
  45.851  43.561  61.656  44.949  43.552  61.687  46.742  44.922  60.230  45.856
  45.156  59.967  46.889  44.072  59.109  45.233  44.002  58.975  44.008  43.399
  58.319  46.084  43.534  58.488  47.073  42.582  57.146  45.692  42.624  57.032
  44.608  43.170  55.870  46.331  43.144  55.973  47.417  42.533  55.021  46.077
  44.613  55.528  45.909  45.291  56.290  46.294  44.886  54.584  46.381  44.832
  55.401  44.389  44.761  56.394  43.945  45.842  55.032  44.203  43.842  54.514
  43.746  43.100  54.950  43.210  43.757  53.201  43.840  44.669  52.466  44.404
  45.488  52.898  44.792  44.545  51.469  44.467  42.717  52.599  43.350  41.958
  53.156  42.995  42.608  51.608  43.490  41.082  57.273  45.997  40.309  56.396
  45.614  40.648  58.345  46.659  41.323  59.052  46.899  39.226  58.629  46.919
  38.727  57.683  47.133  39.078  59.522  48.165  39.623  60.453  48.007  38.021
  59.758  48.297  39.585  58.836  49.446  39.125  57.847  49.513  40.666  58.701
  49.379  39.258  59.633  50.724  39.224  60.886  50.697  39.050  59.008  51.792
  38.533  59.280  45.698  39.214  59.922  44.889  37.196  59.160  45.545  36.296
  58.293  46.295  35.976  58.800  47.207  36.750  57.332  46.535  35.093  58.068
  45.380  34.187  57.855  45.947  35.306  57.259  44.681  34.992  59.390  44.622
  34.433  60.106  45.229  34.514  59.263  43.650  36.452  59.840  44.481  36.836
  59.486  43.526  36.564  61.374  44.529  36.712  61.969  45.602  36.444  62.017
  43.363  36.311  61.444  42.532  36.479  63.477  43.163  36.393  63.979  44.129
  37.811  63.895  42.504  37.925  63.360  41.558  37.770  64.963  42.284  39.041
  63.624  43.388  38.925  64.142  44.341  39.110  62.554  43.586  40.355  64.063
  42.719  41.192  63.710  43.325  40.431  63.576  41.745  40.457  65.528  42.540
  40.275  65.899  41.619  40.826  66.424  43.440  41.113  66.114  44.672  41.062
  65.155  44.970  41.392  66.833  45.319  40.918  67.676  43.111  40.738  67.958
  42.147  41.205  68.359  43.792  35.304  63.946  42.301  34.846  63.213  41.422
  34.865  65.191  42.520  35.313  65.707  43.264  33.942  65.934  41.643  33.396
  65.217  41.026  32.922  66.721  42.490  32.419  66.024  43.163  33.455  67.454
  43.098  31.861  67.454  41.642  32.359  68.141  40.958  31.297  66.735  41.047
  30.890  68.287  42.493  31.470  68.987  43.099  30.257  68.867  41.817  30.029
  67.462  43.367  30.077  66.461  43.274  29.173  67.914  44.269  28.992  69.184
  44.492  29.516  69.861  43.962  28.331  69.487  45.189  28.469  67.085  44.981
  28.568  66.090  44.855  27.820  67.439  45.666  34.729  66.839  40.692  35.676
  67.510  41.106  34.307  66.871  39.433  33.528  66.266  39.190  34.892  67.642
  38.334  35.654  68.320  38.722  35.556  66.675  37.322  34.792  65.993  36.946
  36.106  67.443  36.107  36.801  68.218  36.430  36.617  66.758  35.431  35.289
  67.900  35.552  36.684  65.837  37.973  37.521  65.740  37.283  37.059  66.340
  38.864  36.238  64.416  38.346  35.935  63.874  37.450  37.069  63.887  38.814
  35.402  64.444  39.042  33.785  68.479  37.685  32.690  67.967  37.461  34.059
  69.746  37.361  34.978  70.112  37.569  33.122  70.637  36.650  32.300  70.039
  36.263  32.502  71.694  37.588  33.296  72.323  37.994  31.502  72.591  36.845
  30.722  71.980  36.389  31.043  73.291  37.544  32.007  73.171  36.073  31.756
  71.041  38.760  32.448  70.472  39.379  31.296  71.809  39.382  30.982  70.375
  38.379  33.824  71.286  35.456  34.925  71.823  35.602  33.199  71.227  34.277
  32.302  70.748  34.245  33.771  71.672  32.999  34.677  72.247  33.196  34.172
  70.458  32.116  33.261  69.952  31.792  34.915  70.959  30.865  35.886  71.367
  31.152  35.060  70.142  30.160  34.344  71.732  30.355  35.040  69.424  32.876
  35.921  69.920  33.286  34.456  69.026  33.705  35.498  68.219  32.041  36.225
  68.525  31.288  35.972  67.490  32.698  34.639  67.753  31.557  32.784  72.591
  32.263  31.741  72.140  31.789  33.129  73.872  32.112  33.994  74.185  32.528
  32.438  74.796  31.199  31.366  74.595  31.217  32.652  76.250  31.649  33.718
  76.483  31.625  32.153  76.912  30.940  32.120  76.548  33.028  30.771  76.719
  33.354  30.741  76.981  34.673  29.841  77.173  35.249  31.985  76.971  35.180
  32.221  77.147  36.152  32.869  76.702  34.158  33.948  76.633  34.228  32.950
  74.577  29.769  34.155  74.687  29.526  32.056  74.236  28.830  31.083  74.159
  29.114  32.442  73.756  27.483  33.427  74.160  27.240  32.580  72.221  27.534
  33.039  71.870  26.607  33.270  71.965  28.338  31.254  71.477  27.778  31.411
  70.719  28.545  30.490  72.159  28.145  30.755  70.797  26.502  30.699  71.531
  25.696  31.475  70.026  26.222  29.429  70.194  26.696  28.833  70.576  27.421
  28.878  69.240  25.973  29.456  68.689  24.948  30.325  69.078  24.601  28.963
  67.988  24.422  27.693  68.819  26.284  27.201  69.284  27.032  27.281  68.073
  25.738  31.548  74.200  26.316  31.965  74.074  25.166  30.341  74.712  26.569
  30.033  74.783  27.529  29.426  75.132  25.499  28.538  75.592  25.932  29.918
  75.885  24.881  28.984  73.960  24.611  28.426  72.981  25.108  29.228  74.057
  23.301  29.684  74.893  22.961  28.805  73.078  22.282  27.987  72.481  22.687
  28.250  73.839  21.071  27.903  73.127  20.319  27.402  74.448  21.387  29.248
  74.678  20.510  28.856  75.136  19.750  29.892  72.081  21.835  29.593  71.169
  21.059  31.142  72.223  22.293  31.331  72.962  22.957  32.291  71.386  21.876
  32.082  70.972  20.889  33.562  72.246  21.722  34.376  71.611  21.370  33.390
  73.384  20.714  32.653  74.105  21.069  34.344  73.892  20.567  33.061  72.978
  19.757  33.940  72.819  22.952  34.743  73.332  22.792  32.514  70.177  22.806
  31.714  69.917  23.710  33.566  69.383  22.567  34.176  69.615  21.798  33.939
  68.225  23.398  33.065  67.588  23.544  34.688  67.639  22.866  34.507  68.585
  24.782  34.563  69.755  25.164  34.950  67.572  25.537  34.904  66.635  25.139
  35.542  67.718  26.880  35.380  68.738  27.228  34.842  66.772  27.877  35.070
  65.744  27.590  35.273  66.950  28.863  33.312  66.916  27.986  32.854  66.664
  27.030  32.766  65.961  29.048  33.115  66.255  30.038  31.676  65.980  29.027
  33.097  64.946  28.840  32.880  68.327  28.383  33.202  69.042  27.629  31.794
  68.361  28.443  33.306  68.597  29.349  37.070  67.527  26.906  37.699  67.803
  27.925  37.687  67.097  25.802  37.121  66.887  24.993  39.146  66.979  25.684
  39.404  66.955  24.625  39.618  67.855  26.129  39.752  65.731  26.336  40.898
  65.779  26.780  39.012  64.622  26.414  38.077  64.635  26.032  39.537  63.325
  26.856  40.606  63.305  26.644  39.369  63.175  28.378  39.924  62.292  28.690
  39.846  64.028  28.862  37.955  63.045  28.921  37.424  61.773  29.211  37.993
  60.883  28.981  36.167  61.658  29.834  35.771  60.685  30.083  35.436  62.810
  30.165  34.480  62.719  30.661  35.957  64.079  29.866  35.404  64.965  30.141
  37.209  64.197  29.237  37.609  65.176  29.018  38.918  62.149  26.082  37.833
  62.275  25.511  39.600  60.999  26.078  40.478  60.973  26.584  39.093  59.748
  25.497  38.170  59.957  24.956  40.090  59.123  24.501  40.974  58.809  25.051
  39.635  58.225  24.084  40.538  59.986  23.331  40.122  61.114  23.121  41.417
  59.462  22.509  41.724  60.019  21.727  41.780  58.534  22.659  38.759  58.732
  26.594  39.475  58.636  27.594  37.744  57.901  26.365  37.241  58.001  25.488
  37.308  56.828  27.268  37.960  56.838  28.136  35.872  57.069  27.780  35.611
  56.217  28.407  35.843  58.313  28.682  36.032  59.207  28.090  34.874  58.401
  29.172  36.609  58.224  29.454  34.837  57.143  26.633  34.997  58.051  26.050
  34.972  56.290  25.969  33.383  57.119  27.116  33.164  58.014  27.693  32.718
  57.091  26.253  33.206  56.235  27.728  37.443  55.434  26.645  37.410  55.290
  25.422  37.562  54.421  27.506  37.609  54.664  28.491  37.559  52.980  27.201
  37.125  52.834  26.213  38.999  52.407  27.186  38.917  51.350  26.926  39.845
  53.052  26.079  39.971  54.114  26.268  40.820  52.573  26.007  39.335  52.924
  25.129  39.680  52.480  28.573  39.870  53.519  28.843  39.016  52.052  29.323
  40.990  51.691  28.644  41.771  52.197  28.077  41.303  51.605  29.684  40.837
  50.691  28.240  36.683  52.202  28.202  36.289  52.740  29.241  36.436  50.917
  27.927  36.758  50.557  27.041  35.703  49.995  28.806  36.227  49.040  28.846
  35.672  50.394  29.821  34.273  49.734  28.324  34.057  49.426  27.150  33.295
  49.844  29.228  33.559  50.087  30.179  31.864  49.827  28.903  31.309  50.161
  29.779  31.681  50.533  28.098  31.305  48.459  28.494  30.432  48.381  27.629
  31.823  47.387  29.095  32.534  47.543  29.795  31.426  45.990  28.876  30.402
  45.955  28.498  32.359  45.373  27.811  32.164  45.875  26.862  33.397  45.565
  28.089  32.186  43.857  27.628  32.538  43.353  28.529  31.124  43.633  27.502
  32.956  43.310  26.417  32.720  43.773  25.277  33.775  42.376  26.590  31.463
  45.209  30.204  32.297  45.495  31.063  30.578  44.217  30.369  29.899  44.077
  29.634  30.619  43.177  31.420  29.632  42.711  31.409  31.628  42.086  31.007
  31.458  41.835  29.959  32.640  42.486  31.096  31.518  40.781  31.808  30.417
  40.434  32.296  32.537  40.059  31.905  30.805  43.685  32.873  31.432  43.029
  33.710  30.287  44.878  33.184  29.798  45.379  32.455  30.403  45.508  34.506
  29.724  46.360  34.542  30.089  44.797  35.270  31.808  46.015  34.875  32.050
  46.326  36.041  32.741  46.113  33.920  32.507  45.800  32.980  34.111  46.610
  34.156  34.505  46.136  35.055  35.022  46.229  32.970  34.655  46.746  32.082
  36.030  46.599  33.162  35.111  44.725  32.637  34.111  44.327  32.464  35.660
  44.630  31.696  35.811  43.848  33.690  36.313  44.355  34.719  35.884  42.615
  33.476  34.180  48.136  34.397  35.182  48.640  34.911  33.121  48.878  34.051
  32.334  48.396  33.645  33.050  50.343  34.140  32.005  50.647  34.198  33.540
  50.675  35.056  33.690  51.071  32.950  33.993  50.466  31.919  33.867  52.388
  33.086  33.615  52.809  33.970  34.381  53.301  32.050  34.647  52.741  31.154
  33.295  54.343  31.687  32.985  54.822  32.617  33.835  55.455  30.768  34.296
  55.014  29.884  33.021  56.113  30.461  34.578  56.058  31.290  32.023  53.709
  31.080  31.688  52.883  31.706  31.232  54.455  31.105  32.165  53.202  29.640
  33.006  52.516  29.566  31.248  52.689  29.351  32.325  54.035  28.956  35.641
  53.994  32.573  35.597  54.564  33.661  36.737  54.003  31.812  36.693  53.561
  30.899  38.008  54.618  32.220  37.875  55.112  33.179  39.101  53.558  32.401
  39.312  53.101  31.435  40.010  54.069  32.719  38.796  52.459  33.397  38.101
  51.307  32.982  37.765  51.216  31.959  37.846  50.271  33.895  37.313  49.388
  33.572  38.296  50.375  35.222  38.105  49.571  35.920  38.992  51.523  35.638
  39.340  51.601  36.657  39.239  52.567  34.729  39.774  53.449  35.055  38.493
  55.678  31.232  38.360  55.509  30.021  39.125  56.737  31.738  39.206  56.802
  32.748  39.842  57.723  30.925  39.231  57.943  30.050  40.043  59.048  31.693
  40.589  58.836  32.613  40.878  60.038  30.855  40.366  60.270  29.921  41.040
  60.954  31.417  41.866  59.634  30.639  38.663  59.639  32.068  38.028  59.667
  31.183  38.188  58.985  32.801  38.713  61.047  32.671  38.985  61.774  31.906
  37.732  61.313  33.057  39.435  61.078  33.486  41.165  57.126  30.432  41.918
  56.518  31.193  41.452  57.337  29.149  40.780  57.884  28.625  42.554  56.708
  28.404  43.134  56.084  29.081  41.949  55.789  27.341  42.751  55.307  26.780
  41.360  55.018  27.839  41.117  56.513  26.447  40.365  56.859  26.950  43.533
  57.701  27.760  44.670  57.332  27.467  43.118  58.955  27.556  42.175  59.195
  27.825  43.930  60.035  26.983  44.952  59.965  27.359  43.949  59.886  25.451
  44.442  58.948  25.192  42.922  59.815  25.102  44.619  61.009  24.682  43.839
  62.018  24.082  42.762  62.006  24.185  44.455  63.039  23.337  43.852  63.806
  22.870  45.853  63.062  23.197  46.328  63.847  22.623  46.636  62.061  23.801
  47.713  62.078  23.692  46.020  61.035  24.541  46.625  60.261  24.994  43.357
  61.401  27.386  42.138  61.534  27.505  44.222  62.407  27.548  45.201  62.212
  27.395  43.863  63.818  27.763  42.778  63.926  27.743  44.373  64.325  29.136
  45.462  64.258  29.128  44.015  65.809  29.336  42.948  65.971  29.181  44.284
  66.128  30.343  44.568  66.426  28.629  43.898  63.490  30.347  44.238  62.461
  30.231  44.381  63.887  31.241  42.386  63.476  30.594  41.882  62.990  29.763
  42.180  62.922  31.509  42.007  64.489  30.714  44.448  64.663  26.620  45.651
  64.597  26.349  43.615  65.479  25.971  42.653  65.527  26.289  44.006  66.362
  24.870  44.719  65.826  24.243  42.753  66.670  24.026  42.319  65.731  23.678
  42.023  67.155  24.674  42.991  67.589  22.812  43.447  68.522  23.140  43.893
  66.935  21.762  43.460  65.991  21.431  43.995  67.600  20.904  44.885  66.756
  22.172  41.652  67.920  22.152  41.003  68.425  22.867  41.815  68.584  21.303
  41.167  67.007  21.805  44.687  67.638  25.393  44.104  68.372  26.194  45.895
  67.936  24.907  46.329  67.300  24.257  46.637  69.141  25.282  46.774  69.136
  26.364  48.027  69.092  24.632  47.933  69.078  23.545  48.600  69.971  24.928
  48.559  68.198  24.961  45.862  70.419  24.899  45.494  70.614  23.737  45.590
  71.281  25.882  45.937  71.065  26.814  44.757  72.480  25.725  44.892  73.111
  26.604  45.095  73.039  24.852  43.249  72.218  25.569  42.501  73.158  25.293
  42.782  70.974  25.735  43.443  70.239  25.963  41.354  70.641  25.822  40.811
  71.215  25.072  41.217  69.582  25.605  40.768  70.932  27.215  41.530  71.079
  28.173  39.434  70.988  27.393  38.423  70.939  26.346  38.192  69.902  26.106
  38.736  71.470  25.447  37.195  71.626  26.936  36.269  71.241  26.513  37.268
  72.704  26.781  37.311  71.312  28.425  36.932  70.308  28.618  36.783  72.053
  29.024  38.819  71.367  28.673  39.090  72.402  28.880  39.244  70.516  29.885
  39.409  71.049  30.985  39.504  69.219  29.702  39.226  68.796  28.823  40.068
  68.341  30.732  39.428  68.380  31.614  40.042  66.911  30.185  40.640  66.842
  29.276  40.445  66.227  30.930  39.015  66.626  29.964  41.495  68.738  31.176
  41.836  68.589  32.349  42.313  69.288  30.273  41.956  69.446  29.339  43.662
  69.797  30.564  44.135  69.147  31.301  44.492  69.750  29.269  44.446  68.740
  28.864  44.052  70.426  28.534  45.969  70.116  29.463  46.551  69.817  30.530
  46.573  70.682  28.524  43.628  71.225  31.141  44.376  71.545  32.067  42.720
  72.071  30.639  42.171  71.747  29.848  42.499  73.441  31.124  43.456  73.962
  31.155  41.556  74.182  30.157  40.629  73.612  30.082  41.308  75.153  30.589
  42.113  74.413  28.738  42.446  73.471  28.310  41.008  74.986  27.851  40.648
  75.930  28.260  41.394  75.153  26.846  40.182  74.278  27.790  43.291  75.389
  28.729  44.130  74.968  29.281  43.612  75.564  27.702  42.998  76.337  29.180
  41.933  73.470  32.555  42.304  74.338  33.347  41.072  72.508  32.904  40.764
  71.872  32.179  40.589  72.291  34.279  40.463  73.260  34.763  39.211  71.616
  34.261  38.879  71.457  35.288  38.494  72.270  33.763  39.254  70.371  33.586
  39.231  70.563  32.628  41.584  71.488  35.132  41.725  71.761  36.325  42.307
  70.531  34.538  42.103  70.310  33.571  43.397  69.777  35.174  43.975  69.285
  34.392  44.057  70.475  35.692  42.963  68.700  36.180  43.811  68.124  36.862
  41.662  68.418  36.296  41.020  68.935  35.713  41.104  67.477  37.286  41.720
  67.501  38.186  39.680  67.920  37.668  39.078  67.948  36.760  39.243  67.174
  38.331  39.577  69.290  38.362  39.953  70.059  37.685  38.519  69.501  38.531
  40.315  69.373  39.712  40.467  68.347  40.416  40.722  70.489  40.110  41.081
  66.005  36.823  40.857  65.113  37.644  41.301  65.739  35.529  41.548  66.513
  34.929  41.197  64.408  34.910  40.821  63.700  35.647  40.185  64.452  33.746
  40.559  65.152  33.000  40.152  63.467  33.283  38.748  64.866  34.125  38.759
  65.865  34.558  37.868  64.902  32.875  37.840  63.920  32.402  36.854  65.195
  33.143  38.263  65.629  32.167  38.101  63.905  35.123  38.627  63.954  36.075
  37.062  64.184  35.287  38.142  62.886  34.749  42.563  63.878  34.437  43.379
  64.643  33.916  42.795  62.564  34.574  42.087  62.010  35.057  43.998  61.855
  34.086  44.397  62.412  33.236  45.090  61.841  35.182  46.014  61.453  34.750
  45.282  62.869  35.494  44.741  60.995  36.424  43.831  61.377  36.885  44.567
  59.963  36.118  45.868  60.995  37.468  45.625  60.260  38.237  46.794  60.681
  36.982  46.029  62.313  38.117  45.186  62.793  38.395  47.156  62.932  38.423
  48.333  62.445  38.152  48.413  61.566  37.676  49.159  62.967  38.395  47.122
  64.084  39.023  46.239  64.511  39.253  47.981  64.557  39.253  43.686  60.442
  33.573  42.661  59.856  33.923  44.596  59.866  32.777  45.422  60.400  32.548
  44.546  58.450  32.365  43.633  58.285  31.791  45.759  58.135  31.468  45.742
  58.805  30.607  46.678  58.315  32.030  45.749  56.682  30.962  45.830  55.995
  31.805  44.798  56.498  30.468  46.879  56.375  29.967  46.702  55.383  29.551
  46.849  57.096  29.147  48.269  56.395  30.621  48.513  57.421  30.915  48.243
  55.781  31.527  49.306  55.872  29.697  49.347  56.409  28.844  50.222  55.903
  30.119  49.118  54.900  29.447  44.497  57.538  33.600  45.302  57.707  34.515
  43.566  56.585  33.626  42.963  56.485  32.814  43.336  55.688  34.768  42.954
  54.746  34.381  44.281  55.486  35.274  42.329  56.184  35.816  42.092  55.484
  36.801  41.696  57.345  35.620  41.951  57.915  34.823  40.436  57.668  36.308
  40.536  57.462  37.372  40.066  59.153  36.129  40.134  59.404  35.069  39.021
  59.277  36.421  40.897  60.148  36.958  41.355  59.804  38.071  41.022  61.319
  36.534  39.293  56.794  35.770  39.074  56.738  34.560  38.532  56.153  36.658
  38.762  56.239  37.642  37.255  55.524  36.328  37.294  55.207  35.288  37.036
  54.266  37.186  37.964  53.698  37.235  36.761  54.566  38.198  35.941  53.363
  36.588  35.035  53.944  36.416  36.289  52.986  35.626  35.569  52.180  37.478
  35.244  52.318  38.651  35.584  50.968  36.969  35.297  50.200  37.554  35.869
  50.801  36.015  36.119  56.545  36.488  35.996  57.176  37.540  35.276  56.697
  35.465  35.404  56.087  34.665  34.068  57.529  35.507  34.303  58.469  36.008
  33.560  57.847  34.080  33.321  56.899  33.598  32.259  58.671  34.124  32.384
  59.558  34.746  31.980  58.977  33.115  31.446  58.070  34.531  34.607  58.542
  33.180  35.493  57.911  33.099  34.190  58.632  32.176  35.045  59.939  33.636
  35.558  59.881  34.596  35.722  60.351  32.891  34.185  60.603  33.715  32.990
  56.804  36.323  32.660  55.651  36.035  32.417  57.489  37.315  32.730  58.439
  37.488  31.341  56.962  38.160  31.277  55.882  38.022  31.662  57.217  39.647
  31.612  58.290  39.835  30.882  56.741  40.244  33.037  56.707  40.132  33.828
  57.272  39.642  33.162  56.920  41.641  32.371  56.382  42.165  34.127  56.554
  41.988  33.088  57.980  41.873  33.262  55.217  39.864  33.253  55.023  38.793
  34.239  54.923  40.247  32.489  54.626  40.353  29.971  57.521  37.747  29.017
  56.755  37.614  29.863  58.829  37.490  30.675  59.425  37.609  28.617  59.456
  37.019  28.148  58.775  36.310  27.643  59.661  38.194  26.695  60.046  37.820
  27.453  58.700  38.674  28.142  60.569  39.157  27.542  60.560  39.917  28.847
  60.782  36.281  29.917  61.387  36.383  27.830  61.241  35.541  26.998  60.660
  35.474  27.777  62.571  34.901  28.497  63.210  35.407  28.202  62.505  33.420
  29.211  62.095  33.383  27.306  61.614  32.550  26.326  62.071  32.416  27.771
  61.479  31.574  27.178  60.638  33.016  28.236  63.902  32.787  28.909  64.544
  33.351  28.590  63.841  31.761  27.241  64.346  32.780  26.394  63.203  35.087
  25.381  62.557  34.835  26.331  64.449  35.567  27.210  64.947  35.680  25.097
  65.170  35.933  25.397  65.995  36.581  24.451  65.800  34.678  24.216  65.012
  33.962  23.510  66.267  34.970  25.267  66.871  33.966  26.421  67.161  34.258
  24.659  67.513  32.996  25.180  68.197  32.458  23.700  67.301  32.775  24.105
  64.334  36.791  22.885  64.471  36.670  24.619  63.438  37.645  25.624  63.395
  37.722  23.831  62.504  38.466  24.416  62.243  39.349  22.925  63.005  38.808
  23.410  61.190  37.783  22.829  60.329  38.448  23.713  60.992  36.494  24.193
  61.733  35.994  23.499  59.729  35.762  22.563  59.283  36.098  23.383  59.963
  34.239  24.313  60.390  33.864  23.133  58.654  33.477  22.220  58.178  33.836
  23.032  58.863  32.411  23.973  57.972  33.609  22.238  60.929  33.903  22.433
  61.906  34.344  22.165  61.053  32.823  21.295  60.540  34.287  24.637  58.755
  36.074  25.792  59.023  35.747  24.317  57.627  36.711  23.348  57.482  36.949
  25.274  56.586  37.109  26.135  57.063  37.580  24.592  55.693  38.164  24.272
  56.331  38.992  23.694  55.255  37.724  25.452  54.557  38.744  26.636  54.385
  38.383  24.937  53.826  39.621  25.777  55.784  35.893  24.984  55.177  35.167
  27.099  55.769  35.680  27.689  56.249  36.354  27.762  55.118  34.543  26.996
  54.759  33.860  28.623  56.144  33.775  29.377  56.545  34.454  29.145  55.618
  32.974  27.852  57.320  33.142  27.426  57.945  33.925  28.819  58.173  32.318
  29.337  57.558  31.583  28.276  58.958  31.795  29.547  58.638  32.981  26.728
  56.858  32.212  25.951  56.359  32.788  26.272  57.720  31.731  27.117  56.177
  31.457  28.562  53.856  34.917  29.115  53.210  34.025  28.593  53.449  36.196
  28.073  53.995  36.883  29.394  52.296  36.676  30.445  52.474  36.437  29.254
  52.171  38.202  28.198  52.054  38.448  29.778  51.274  38.536  29.844  53.379
  38.954  30.922  53.399  38.793  29.422  54.306  38.571  29.566  53.307  40.460
  29.955  52.362  40.846  30.093  54.127  40.952  28.123  53.417  40.751  27.514
  53.673  39.977  27.539  53.205  41.918  28.212  52.915  42.995  29.215  52.853
  42.953  27.729  52.761  43.865  26.249  53.277  42.035  25.683  53.461  41.207
  25.808  53.107  42.923  29.029  50.962  36.005  29.894  50.100  35.862  27.774
  50.815  35.568  27.139  51.574  35.757  27.247  49.646  34.845  28.054  48.922
  34.713  26.157  48.971  35.707  25.333  49.668  35.854  25.764  48.101  35.181
  26.664  48.486  37.056  27.659  47.784  37.162  26.000  48.830  38.135  26.330
  48.494  39.028  25.164  49.391  38.065  26.756  49.976  33.413  26.049  49.168
  32.804  27.093  51.152  32.867  27.747  51.746  33.359  26.671  51.574  31.526
  25.632  51.270  31.381  26.717  53.106  31.442  27.735  53.461  31.612  26.392
  53.435  30.454  26.048  53.536  32.188  27.502  50.914  30.407  28.653  50.516
  30.618  26.932  50.832  29.200  25.993  51.182  29.079  27.665  50.442  27.989
  28.308  49.599  28.239  26.701  49.963  26.895  27.275  49.524  26.078  26.049
  49.191  27.308  25.913  51.026  26.387  25.224  50.635  25.827  28.562  51.581
  27.481  28.348  52.753  27.802  29.564  51.243  26.664  29.715  50.257  26.485
  30.532  52.204  26.107  31.086  52.670  26.922  31.525  51.424  25.230  31.940
  50.599  25.807  30.994  50.995  24.378  32.675  52.253  24.720  33.746  52.716
  25.490  34.534  53.401  24.646  35.448  53.907  24.929  34.015  53.391  23.407
  34.378  53.910  22.610  32.842  52.671  23.433  32.173  52.479  22.603  29.857
  53.341  25.320  30.202  54.512  25.485  28.841  53.007  24.518  28.604  52.030
  24.438  28.052  53.980  23.755  28.736  54.672  23.260  27.267  53.234  22.662
  27.982  52.702  22.032  26.606  52.503  23.130  26.435  54.173  21.774  25.606
  54.572  22.361  27.066  55.008  21.461  25.871  53.463  20.531  25.409  52.301
  20.627  25.865  54.066  19.432  27.135  54.829  24.653  27.075  56.047  24.483
  26.469  54.225  25.647  26.580  53.228  25.781  25.601  54.959  26.577  24.893
  55.543  25.989  24.810  53.956  27.438  24.223  53.312  26.781  25.519  53.328
  27.977  23.865  54.596  28.474  23.414  53.798  29.065  24.441  55.216  29.162
  22.729  55.433  27.878  22.417  55.394  26.695  22.038  56.210  28.683  21.285
  56.756  28.290  22.263  56.260  29.666  26.397  55.948  27.440  25.937  57.065
  27.673  27.604  55.575  27.875  27.919  54.630  27.677  28.504  56.463  28.605
  27.966  56.891  29.451  29.667  55.627  29.141  30.208  55.167  28.312  30.349
  56.266  29.702  29.283  54.844  29.795  28.996  57.634  27.740  28.979  58.778
  28.198  29.372  57.379  26.481  29.390  56.418  26.157  29.748  58.435  25.542
  30.568  59.009  25.976  30.245  57.789  24.244  29.447  57.208  23.781  30.567
  58.567  23.551  31.088  57.130  24.455  28.586  59.414  25.287  28.782  60.627
  25.362  27.368  58.906  25.064  27.276  57.895  24.995  26.158  59.726  24.884
  26.340  60.441  24.081  24.967  58.828  24.462  24.934  57.966  25.130  23.616
  59.560  24.569  23.623  60.447  23.935  22.801  58.906  24.261  23.416  59.853
  25.599  25.179  58.330  23.012  25.058  59.163  22.318  26.196  57.957  22.899
  24.232  57.195  22.601  23.207  57.557  22.528  24.532  56.814  21.625  24.283
  56.387  23.330  25.860  60.551  26.144  25.640  61.759  26.044  25.911  59.940
  27.332  26.082  58.939  27.357  25.661  60.623  28.601  24.671  61.080  28.560
  25.661  59.579  29.723  26.635  59.092  29.775  25.448  60.063  30.677  24.893
  58.829  29.531  26.677  61.747  28.880  26.290  62.813  29.358  27.958  61.542
  28.544  28.218  60.624  28.193  29.007  62.560  28.670  28.917  63.034  29.647
  30.388  61.884  28.578  30.405  61.261  27.682  31.147  62.656  28.459  30.762
  61.024  29.804  29.908  60.425  30.118  31.915  60.083  29.456  32.787  60.652
  29.136  32.172  59.475  30.324  31.599  59.420  28.651  31.218  61.890  30.979
  30.424  62.571  31.269  31.460  61.257  31.833  32.096  62.470  30.699  28.867
  63.686  27.628  29.089  64.852  27.961  28.472  63.368  26.386  28.343  62.382
  26.170  28.323  64.344  25.287  29.145  65.060  25.342  28.415  63.617  23.933
  27.749  62.753  23.933  28.095  64.297  23.141  29.857  63.176  23.634  30.491
  64.062  23.590  30.225  62.534  24.435  29.956  62.423  22.300  29.329  61.530
  22.334  29.614  63.075  21.493  31.419  62.026  22.065  32.042  62.920  22.172
  31.723  61.319  22.843  31.648  61.432  20.724  31.419  62.086  19.990  32.626
  61.187  20.617  31.094  60.601  20.579  27.044  65.186  25.373  27.072  66.359
  24.996  25.953  64.640  25.913  25.990  63.651  26.138  24.654  65.324  26.038
  24.588  66.076  25.247  23.514  64.312  25.788  23.614  63.469  26.472  22.561
  64.796  26.001  23.433  63.785  24.361  24.243  64.072  23.489  22.408  63.024
  24.055  22.329  62.687  23.108  21.722  62.787  24.756  24.479  66.114  27.358
  23.397  66.640  27.626  25.526  66.231  28.183  26.380  65.765  27.915  25.487
  66.800  29.537  24.592  66.412  30.025  26.695  66.234  30.298  27.620  66.505
  29.792  26.713  66.618  31.317  26.625  65.149  30.347  25.373  68.350  29.633
  25.646  68.923  30.691  24.961  69.042  28.564  24.660  68.513  27.758  24.755
  70.501  28.542  24.136  70.758  27.683  24.208  70.798  29.438  26.040  71.341
  28.466  27.142  70.811  28.305  25.900  72.670  28.550  24.967  73.037  28.679
  26.999  73.635  28.345  27.563  73.321  27.467  26.419  75.032  28.062  25.817
  75.356  28.913  27.250  75.730  27.950  25.561  75.080  26.782  26.126  74.646
  25.957  24.660  74.482  26.924  25.139  76.494  26.378  25.432  77.492  27.024
  24.427  76.643  25.282  24.146  77.577  25.016  24.163  75.840  24.728  28.010
  73.699  29.508  29.169  74.071  29.296  27.594  73.287  30.708  26.626  73.010
  30.791  28.451  73.061  31.881  29.496  73.163  31.594  28.165  74.075  33.001
  27.129  73.967  33.322  29.078  73.884  34.214  30.125  73.916  33.910  28.885
  74.669  34.944  28.874  72.924  34.688  28.348  75.399  32.547  29.255  75.667
  32.777  28.218  71.637  32.382  27.093  71.281  32.740  29.271  70.821  32.392
  30.173  71.209  32.130  29.218  69.378  32.672  28.180  69.045  32.669  29.959
  68.596  31.567  30.997  68.928  31.523  29.960  67.089  31.841  28.946  66.741
  32.029  30.374  66.550  30.990  30.579  66.877  32.710  29.322  68.857  30.196
  29.510  69.885  29.889  29.739  68.187  29.446  28.247  68.704  30.253  29.803
  69.080  34.050  30.908  69.534  34.347  29.105  68.287  34.866  28.204  67.935
  34.553  29.582  67.826  36.182  30.523  68.317  36.418  28.592  68.188  37.301
  27.628  67.720  37.092  29.072  67.739  38.685  30.074  68.125  38.875  28.391
  68.108  39.452  29.092  66.651  38.742  28.413  69.588  37.364  27.683  69.754
  37.975  29.822  66.318  36.147  28.928  65.565  35.770  31.010  65.863  36.545
  31.679  66.541  36.898  31.433  64.452  36.528  30.584  63.821  36.273  32.525
  64.239  35.446  33.248  65.050  35.541  33.294  62.912  35.602  32.602  62.069
  35.561  34.036  62.806  34.812  33.831  62.890  36.549  31.900  64.311  34.034
  31.366  63.383  33.823  31.175  65.121  34.005  32.914  64.581  32.915  33.610
  63.749  32.817  32.382  64.703  31.972  33.468  65.497  33.128  31.900  64.033
  37.925  32.562  64.805  38.618  31.608  62.790  38.313  31.056  62.216  37.681
  32.239  62.115  39.453  32.859  62.830  39.991  31.194  61.560  40.447  30.674
  60.740  39.950  31.893  60.969  41.685  32.518  61.722  42.167  31.149  60.611
  42.397  32.521  60.129  41.398  30.118  62.584  40.877  29.561  62.906  39.997
  29.409  62.084  41.537  30.638  63.834  41.595  31.324  64.371  40.946  29.796
  64.485  41.830  31.143  63.563  42.522  33.154  61.008  38.921  32.729  60.202
  38.089  34.396  60.952  39.401  34.675  61.636  40.099  35.391  59.957  38.991
  34.872  59.070  38.632  36.207  60.536  37.827  36.773  61.405  38.164  36.898
  59.782  37.451  35.539  60.832  37.017  36.292  59.520  40.162  36.383  60.220
  41.172  36.971  58.376  40.035  36.837  57.839  39.182  37.916  57.852  41.034
  38.253  58.672  41.670  37.191  56.821  41.918  36.337  57.309  42.388  36.823
  56.012  41.285  38.088  56.231  43.022  38.944  55.723  42.578  38.461  57.048
  43.640  37.372  55.223  43.921  36.328  54.670  43.603  37.924  54.924  45.074
  37.470  54.247  45.667  38.809  55.352  45.338  39.157  57.243  40.366  39.032
  56.489  39.402  40.356  57.519  40.888  40.417  58.131  41.686  41.601  56.993
  40.318  41.541  57.110  39.238  42.795  57.827  40.810  42.557  58.884  40.687
  42.929  57.643  41.876  44.106  57.571  40.085  44.156  57.622  38.678  43.263
  57.837  38.109  45.374  57.428  38.002  45.403  57.473  36.926  46.561  57.202
  38.728  47.743  57.067  38.070  47.641  57.240  37.128  46.512  57.153  40.137
  47.423  56.988  40.690  45.290  57.339  40.813  45.266  57.329  41.893  41.767
  55.496  40.618  41.839  55.092  41.783  41.831  54.665  39.569  41.780  55.076
  38.639  41.919  53.195  39.649  42.199  52.905  40.661  40.535  52.575  39.375
  40.162  52.928  38.412  40.644  51.492  39.331  39.518  52.912  40.479  39.960
  52.703  41.454  39.264  53.971  40.428  38.238  52.080  40.334  37.803  52.271
  39.353  38.486  51.019  40.411  37.232  52.450  41.435  37.691  52.261  42.412
  37.014  53.521  41.371  35.968  51.676  41.319  36.130  50.685  41.420  35.312
  51.947  42.039  35.524  51.834  40.418  43.036  52.638  38.744  42.766  51.855
  37.830  44.309  53.000  38.998  44.772  53.785  40.134  44.282  53.494  41.062
  44.602  54.841  39.932  46.268  53.518  40.235  46.450  52.597  40.790  46.786
  54.355  40.697  46.649  53.335  38.767  47.579  52.779  38.656  46.739  54.316
  38.301  45.445  52.601  38.162  45.288  52.948  37.141  45.658  51.079  38.121
  46.019  50.539  37.079  45.369  50.374  39.220  45.089  50.877  40.047  45.467
  48.906  39.316  46.381  48.588  38.810  45.576  48.490  40.794  44.693  48.846
  41.328  45.599  47.401  40.852  46.846  49.033  41.472  47.712  48.735  40.875
  46.810  50.124  41.494  47.016  48.511  42.909  46.016  48.399  43.658  48.163
  48.218  43.322  44.313  48.156  38.615  44.363  46.932  38.479  43.287  48.873
  38.142  43.300  49.872  38.296  42.292  48.361  37.188  42.260  47.272  37.228
  40.890  48.898  37.526  40.892  49.980  37.403  40.180  48.491  36.806  40.391
  48.582  38.947  41.045  49.075  39.671  39.398  49.022  39.060  40.303  47.080
  39.267  40.000  46.265  38.367  40.484  46.702  40.449  42.677  48.747  35.752
  42.621  47.912  34.849  43.141  49.986  35.537  43.145  50.640  36.312  43.566
  50.471  34.220  42.727  50.359  33.534  43.897  51.965  34.301  43.074  52.482
  34.797  44.796  52.108  34.903  44.103  52.569  32.926  42.988  53.008  32.189
  42.004  52.973  32.633  43.144  53.455  30.864  42.285  53.796  30.306  44.422
  53.441  30.265  44.575  53.785  28.959  43.825  53.509  28.426  45.545  53.034
  31.016  46.519  53.025  30.552  45.385  52.597  32.344  46.240  52.233  32.897
  44.747  49.674  33.634  44.814  49.455  32.422  45.642  49.153  34.482  45.569
  49.387  35.468  46.761  48.296  34.063  47.323  48.847  33.312  47.700  48.038
  35.246  48.596  47.529  34.885  47.997  48.991  35.689  47.066  47.234  36.227
  47.731  46.974  36.880  46.332  46.965  33.414  47.159  46.285  32.802  45.040
  46.600  33.482  44.415  47.184  34.030  44.447  45.469  32.741  45.169  44.650
  32.711  43.186  44.965  33.469  42.423  45.744  33.454  42.793  44.104  32.926
  43.460  44.541  34.922  44.232  43.769  34.929  43.811  45.397  35.499  42.192
  43.990  35.583  41.424  44.767  35.579  41.834  43.140  34.998  42.452  43.565
  36.972  43.312  43.872  37.400  41.667  42.819  37.731  40.522  42.356  37.317
  40.199  42.586  36.393  39.954  41.791  37.928  42.031  42.504  38.939  42.910
  42.835  39.305  41.430  41.933  39.512  44.130  45.805  31.276  43.923  44.888
  30.480  44.102  47.091  30.912  44.284  47.784  31.628  43.775  47.582  29.567
  43.296  46.783  28.999  42.763  48.734  29.670  43.196  49.543  30.260  42.596
  49.125  28.666  41.418  48.355  30.267  41.233  48.371  31.662  42.053  48.633
  32.311  39.985  48.037  32.216  39.852  48.054  33.290  38.914  47.686  31.376
  37.953  47.431  31.802  39.095  47.664  29.982  38.272  47.390  29.334  40.345
  47.997  29.428  40.477  47.979  28.355  45.011  48.014  28.763  45.090  47.711
  27.571  45.992  48.686  29.380  45.874  48.928  30.356  47.252  49.049  28.707
  47.035  49.220  27.651  47.802  50.384  29.248  47.035  51.146  29.107  48.012
  50.292  30.315  49.084  50.810  28.505  49.867  50.076  28.708  48.884  50.790
  27.431  49.608  52.212  28.875  48.815  53.155  29.100  50.845  52.404  28.899
  48.280  47.901  28.777  48.675  47.473  29.866  48.736  47.412  27.620  48.387
  47.802  26.757  49.687  46.301  27.523  49.284  45.463  28.096  49.784  45.857
  26.057  50.181  46.669  25.445  50.447  44.995  25.975  48.797  45.576  25.687
  51.072  46.646  28.111  51.540  47.783  28.005  51.736  45.651  28.714  51.298
  44.740  28.721  53.044  45.763  29.386  53.189  44.822  29.920  54.179  45.850
  28.339  54.105  46.804  27.817  55.142  45.826  28.845  54.172  44.720  27.322
  53.861  43.574  27.618  54.523  44.993  26.086  54.525  44.243  25.410  54.797
  45.930  25.831  53.122  46.845  30.493  54.207  47.356  30.792  51.983  47.205
  31.102  51.131  46.739  30.828  51.888  48.225  32.158  52.796  48.820  32.134
  50.748  49.209  31.876  50.857  50.071  32.535  50.808  49.552  30.844  49.487
  48.618  32.106  49.215  48.143  31.292  51.795  47.636  33.575  51.415  46.477
  33.776  52.173  48.454  34.560  52.480  49.383  34.278  52.274  48.169  36.001
  51.488  47.468  36.289  53.645  47.517  36.295  53.751  47.361  37.370  53.663
  46.534  35.820  54.855  48.321  35.782  54.787  48.423  34.699  54.859  49.314
  36.232  56.175  47.613  36.108  56.344  47.634  37.186  56.098  46.568  35.802
  57.302  48.228  35.378  57.386  48.016  34.391  58.250  49.018  35.842  58.313
  49.409  37.082  57.627  49.085  37.741  59.072  49.995  37.388  59.176  49.432
  35.031  59.153  49.120  34.068  59.921  50.021  35.364  52.048  49.456  36.811
  51.893  50.532  36.234  52.026  49.359  38.140  52.181  48.451  38.554  51.820
  50.501  39.054  51.869  51.425  38.481  50.421  50.444  39.704  50.348  49.544
  40.317  50.149  51.659  40.596  50.227  52.573  40.008  49.147  51.591  41.020
  50.863  51.691  41.418  49.310  50.400  38.645  49.367  49.475  38.072  48.336
  50.432  39.129  49.405  51.248  37.965  52.945  50.558  40.096  53.321  49.525
  40.656  53.504  51.747  40.340  53.127  52.560  39.861  54.656  51.949  41.231
  55.281  51.055  41.173  55.508  53.123  40.687  56.539  52.976  41.010  55.508
  53.120  39.597  55.060  54.492  41.174  53.933  54.700  41.583  55.937  55.458
  41.242  55.623  56.312  41.684  56.888  55.327  40.937  54.260  52.105  42.723
  53.081  52.058  43.091  55.250  52.343  43.590  56.197  52.394  43.241  55.071
  52.527  45.042  54.515  51.672  45.427  56.446  52.526  45.722  56.319  52.653
  46.799  56.935  51.567  45.543  57.260  53.571  45.212  58.107  53.544  45.684
  54.288  53.789  45.452  53.761  53.824  46.566  54.157  54.800  44.581  54.605
  54.719  43.678  53.344  56.012  44.803  53.100  56.066  45.863  54.163  57.277
  44.501  53.551  58.153  44.709  55.028  57.303  45.167  54.620  57.343  43.161
  55.088  58.197  43.066  51.984  55.988  44.077  51.228  56.961  44.131  51.627
  54.865  43.440  52.307  54.115  43.391  50.342  54.659  42.762  50.125  53.592
  42.756  49.551  55.157  43.324  50.282  55.160  41.312  49.205  55.164  40.720
  51.410  55.574  40.725  52.272  55.463  41.254  51.535  56.025  39.329  50.633
  56.580  39.068  52.748  56.969  39.234  52.689  57.701  40.041  53.663  56.390
  39.371  52.834  57.727  37.900  52.932  57.016  37.080  51.926  58.316  37.760
  54.052  58.660  37.891  53.959  59.372  38.714  54.952  58.060  38.047  54.163
  59.395  36.616  53.399  59.315  35.962  55.169  60.160  36.232  56.223  60.358
  36.971  56.288  59.914  37.871  56.970  60.947  36.639  55.137  60.753  35.075
  54.344  60.630  34.465  55.907  61.335  34.786  51.650  54.832  38.371  52.331
  53.852  38.675  51.016  54.927  37.199  50.492  55.767  37.013  51.109  53.914
  36.132  51.067  52.927  36.594  49.919  54.015  35.144  49.943  55.010  34.695
  50.045  52.973  34.013  50.108  51.968  34.435  49.184  53.021  33.348  50.933
  53.163  33.410  48.556  53.831  35.854  48.375  52.771  36.038  48.573  54.335
  36.818  47.379  54.424  35.068  47.280  53.941  34.099  46.456  54.276  35.627
  47.532  55.494  34.920  52.462  54.040  35.410  52.878  55.143  35.047  53.130
  52.909  35.177  52.699  52.040  35.481  54.423  52.791  34.477  54.633  53.720
  33.946  55.569  52.544  35.486  55.366  51.622  36.032  56.935  52.399  34.801
  57.150  53.284  34.201  57.715  52.284  35.554  56.952  51.513  34.168  55.687
  53.683  36.510  54.781  53.742  37.113  56.526  53.497  37.179  55.840  54.633
  35.997  54.332  51.666  33.439  53.695  50.647  33.699  54.963  51.823  32.272
  55.493  52.668  32.118  54.873  50.859  31.156  54.453  49.927  31.523  53.920
  51.382  30.065  54.286  52.338  29.690  53.743  50.423  28.890  53.401  49.454
  29.249  53.005  50.824  28.195  54.684  50.302  28.355  52.641  51.566  30.627
  52.046  51.877  29.910  56.252  50.521  30.593  57.085  51.412  30.402  56.498
  49.230  30.331  55.742  48.568  30.478  57.779  48.698  29.839  58.589  49.289
  30.272  57.953  47.238  30.323  57.131  46.638  29.934  58.877  46.834  29.908
  58.017  47.037  31.833  58.216  47.949  32.627  57.864  45.814  32.284  57.936
  45.647  33.275  57.716  45.052  31.639  57.925  48.837  28.317  57.014  48.410
  27.577  58.966  49.359  27.865
